"siteID"	"year"	"TUmax"	"speartaxa"	"sapr"	"eptProz"	"TUmetalpeak"	"fliessgeoMean"	"Agriculture"	"area_km2"	"Gesamt"	"grabby"	"pHmean"	"pHquant9"	"NH4"	"NO2"	"NO3"	"PO4"	"TN_mgLlog"	"TP_mgLlog"	"meanO2p25"	"stream_width_m"	"water_depth_cm"	"meantempP75_nt"	"tempP75_nt"
"S1"	2018	-3.55	1.33220395993351	1.72142857142857	52.9411764705882	-0.571043156613894	0.388173241755146	28.4345425147999	20.71528	3.1	55	8.19	8.36	0.0881360887005513	0	0	0.0925452076056063	-0.0136762229492346	-1.21112488422458	8.08	1.97	16.9	17.65	17.65
"S2"	2019	-2.95	0.671482445375702	2.1125	23.5294117647059	-0.722343386325738	0.0937810475363653	92.9470093972882	14.42178	2.5	20	7.85	8.016	0.552911450216509	0.0791812460476248	0.897923849397611	1.11027313229713	0.983626287124535	-0.209011524911184	7.284819	1.60833333333333	14.4	20.62	20.62
"S3"	2019	-2.57	0.81588544643709	1.98	20	-0.117140851922343	0.257697168908655	41.8049502914326	4.79816	5.2	30	7.606	7.696	0.112336835745317	0.0696680969115956	1.11823164832703	0.337618972419386	0.380211241711606	-0.691649051413274	7.284819	2.19333333333333	15.8	18.98	18.98
"S4"	2018	-2.55	0.707299490363999	2.01	30.3921568627451	0.171606389892468	0.127467944241962	59.4392250633468	9.79099	4.2	40	8.18	8.345	0	0.0211892990699381	0.740362689494244	0.0969100130080564	0.511883360978874	-0.903089986991944	7.284819	2.355	21.2333333333333	18.50484	19.56
"S5"	2019	-3.14	0.829723200576285	2.04666666666667	20.8333333333333	-0.369487749486761	0.0752120618617279	57.0509523473652	17.29742	4.7	80	7.892	8.144	0.455773409227347	0.174234304941022	1.82130255284974	1.23318401004055	1.33181181599674	-1.11463877996849	6.23	1.57333333333333	21	19.39	19.39
"S6"	2018	-1.89	0.482584506131468	2.18571428571429	36	-0.0688356532783009	0.1	28.2239676263047	10.86492	3.5	95	7.77	7.886	0.146128035678238	0.0115704435972782	0.488550716500444	0.290034611362518	0.474361976032631	-0.580209413893637	4.83	2.35	7.5	21.78	21.78
"S7"	2019	-1.26	1.02647188043331	1.98064516129032	36.3636363636364	-0.152032754424662	0.29756065178477	55.6418661177723	19.07212	5.2	90	7.2946	7.6292	0.0135955235372895	0.0313276577611308	0.81512595339368	0.0667730370850256	0.36078268987328	-0.975514332300833	7.78	3.34833333333333	35.4	20.55	20.55
"S8"	2019	-2.18	0.728347402470648	2.00810810810811	14.8148148148148	-0.562857725561801	0.111032151746146	47.8767485339011	17.45759	5.1	70	7.2116	7.9548	0.121887985103681	0.0454794531107797	0.800153229068205	0.117735179330497	0.186956335465412	-1.52724355068279	4.41	3.02	25.75	19.94	19.94
"S9"	2018	-2.12	0.626899804362004	2.17714285714286	23.9130434782609	-0.0506235487057174	0.383615206330008	45.7144030617316	18.53639	4.8	55	7.725	8.14	0.225309281725863	0.301029995663981	1.66275783168157	0.450249108319361	1.18920948958231	-0.0178192544035973	6.33	1.72	18	18.03	18.03
"S10"	2019	-2.45	1.05521601921576	1.89038461538462	52.8301886792453	-0.0810008523310812	0.189287203344058	49.8422200898923	19.2927	2.2	75	7.134	7.61	0.0408395946853401	0.0827853703164501	1.74173447054384	0.312558149521521	1.16648931832595	-0.26440110030182	6.97	1.87166666666667	28.6666666666667	17.61	17.61
"S11"	2019	-2.13	0.248732004715121	2.1	7.89473684210526	-0.114512071994421	0.360421712120213	46.1465442348406	5.92289	4.5	0	7.12	7.664	0.440909082065218	0.138239523465188	1.61371711601996	0.263351968393566	1.11260500153457	0.139879086401236	7.77	1.434	22.75	16.59	16.59
"S104"	2019	-4.08	1.00751445279614	1.86444444444444	40.7407407407407	-0.670909776625381	0.262180539751404	0	2.70717	1.9	65	6.864	6.888	0.00740635150367123	0.0176175733396735	0.626504608459312	0.0340666785975607	0.0445397603924109	-2.03621217265444	8.15	2.238	17.9166666666667	16.62	16.62
"S12"	2018	-2.52	1.13724203634232	1.98548387096774	37.3134328358209	-0.365570998389587	0.310369114783072	52.7532777493225	5.90705	4.2	55	7.98	8.32	0.0718820073061254	0.290034611362518	1.51851393987789	0.225309281725863	1.03462845662532	-0.555955204081924	7.14	1.06	16	17.71	17.71
"S13"	2018	-5	1.28974742063429	2.15	20	-0.873033660993569	0.186395963659568	53.1620788135012	5.77258	4.4	15	7.80166666666667	8.355	0	0.133538908370217	0.255272505103306	0.0334237554869497	0.894537584995747	-1.6458915608526	5.17	2.67	22	19.77	19.77
"S14"	2019	-2.49	0.284295023898658	2.424	9.75609756097561	-0.260131430570583	0.421716332650875	68.9855821937726	12.99249	5.4	25	6.75	6.76	0.0970489650111305	0.192957529884656	1.69653810775702	0.489339625857985	1.20844135643857	-0.43297363384094	8.61	1.472	21.8333333333333	18.09	18.09
"S15"	2019	-2.52	0.815327046739883	1.74313725490196	41.2698412698413	-0.105120770221593	0.360020574367851	47.9427710325235	14.48515	3	95	7.278	7.922	0.0726909550128686	0.0520009801013	1.56546764465145	0.104896629948966	1.09691001300806	-0.446116973356126	7.88	3.082	31.0833333333333	18.16	18.16
"S16"	2019	-2.55	0.793860867708847	2.12857142857143	36.1702127659575	-0.702291673063365	0.504926703274484	36.6570037333393	12.15279	2.4	60	7.164	7.772	0.0655797147284484	0.122346966255079	1.52928145721442	0.188140698788865	0.966798546383361	-0.87942606879415	8.27	2.934	23	18.19	18.19
"S17"	2019	-2.8	0.764876140809825	2.195	43.3333333333333	0.391760789417975	0.548360451923139	52.9842520671733	10.05136	3.1	35	7.19	7.834	0.127039973455082	0.0954483265381222	1.4016451933519	0.196231470442874	0.857453117035266	-0.812479279163537	8.28	5.908	17.1666666666667	17.58	17.58
"S18"	2018	-1.43	0.536879776105676	2.12280701754386	25	-0.278768663518578	0.193189153507296	47.9119755278757	21.24045	4.3	55	7.85666666666667	8.225	0.361727836017593	0.301029995663981	1.81624129999178	0.287801729930226	0.996686755600172	-0.307505592496916	6.03	1.3	25	19.09	19.09
"S19"	2018	-2.22	0.718825680209224	2.16388888888889	28.2051282051282	-0.0392980574693226	0.225066261829452	56.1669441137819	11.61054	4.6	70	8.05833333333333	8.41	0.0293837776852097	0.267171728403014	1.57403126772772	0.224014811372864	0.985650973690949	-0.364013888199167	7.01	1.24	19	18.81	18.81
"S20"	2019	-3.08	0.66825194363106	2.12222222222222	36.3636363636364	-0.0261874231765393	0.43782213252334	70.2109653980832	21.86479	4.7	50	7.208	8.028	0.229169702539101	0.165600402517411	1.67497497891561	0.292256071356476	1.07990446766672	-0.238824186844269	5.76	3.116	18	20.59	20.59
"S21"	2019	-3.38	0.753151543187082	1.89591836734694	33.3333333333333	-0.31778833268138	0.14142135623731	11.1792044915913	8.10354	2.3	100	6.655	7.449	0.263162464962217	0.168261710182875	1.2226436492013	0.36214304958196	0.726727209026572	0.130333768495006	8.19	1.885	25.5	17.82	17.82
"S22"	2019	-3.07	0.410007387633242	2.56666666666667	7.69230769230769	-0.30948453788832	0.173562585735627	21.2553480622372	11.43847	4.7	25	6.995	7.145	0.134495855834674	0.107888025182799	1.2140433733993	0.250663919463244	0.7157131	-0.7472957	7.7875	1.595	19.75	18.5	18.5
"S23"	2019	-1.56	0.729711182497766	1.96	30.4347826086957	-0.0525426512931828	0.34086580994025	35.7964827485792	17.58809	4.2	90	6.4125	6.952	0.0638585488530716	0.119849503211518	1.22195123102176	0.244969460136198	0.642860052584492	-0.533725678210708	8.75	1.99833333333333	19.14	17.48	17.48
"S24"	2018	-1.43	0	2.28260869565217	3.33333333333333	-0.428196168014539	0.448716984537562	64.0201687864947	22.60424	4.5	25	7.87833333333333	8.325	0.232996110392154	0.301029995663981	1.61278385671974	0.255272505103306	0.874481817699466	-0.95311480916229	7.22	1.12	24	21.07	21.07
"S25"	2018	-1.77	0.569040258701719	2.13793103448276	21.875	-0.501534839699371	0.306388706280041	40.8829686761239	5.66422	2.8	40	7.68166666666667	8.16	0.301029995663981	0.213517756996305	1.41497334797082	0.602059991327962	0.690196080028514	0.0389379190386199	6.96	1.03	4	18.74	18.74
"S26"	2019	-2.45	0.644090369446652	1.98	16.6666666666667	-0.997451806200048	0.116970530909241	53.1730534645437	8.50786	4.6	65	7.932	8.24	0.136022599397011	0.063558518110981	0.900869417857547	0.661528740131982	0.406540180433955	-0.788345599446818	4.525	1.0825	13.6	18.77	18.77
"S27"	2018	-2.57	0.698177475407991	2.14736842105263	20.2380952380952	-0.655178734227749	0.320678684988597	66.2912374661832	23.75658	2.5	55	8.36857142857143	8.636	0	0.168792020314182	1.37106786227174	0.240923478794255	0.977540705946535	-0.938547520912807	7.24	1.05	15.44	17.68	17.68
"S28"	2019	-3.57	1.01272566374556	1.73571428571429	23.6842105263158	-1.131929125188	0.12589396413223	84.2437496655758	10.82037	4.6	30	7.672	7.798	0.0339060370266878	0.0354297381845483	0.835817354293473	0.385033986272011	0.241546480596548	-1.03526907894637	6.39	1.53142857142857	23.4	20.42	20.42
"S29"	2019	-2.83	0.656891561781737	2.36666666666667	8.7719298245614	-0.702347389815628	0.009306048591021	56.3312814092856	12.26082	5.8	30	7.698	8.052	0.29754166781816	0.0915614481449725	1.25916845376606	0.548806926361547	0.703635237583896	-0.711527199400217	5.35	2.95	36.75	19.77	19.77
"S30"	2019	-3.2	0.563717245202264	2.45	13.2075471698113	-0.216629685940675	0.0761350819167864	10.9265259772123	9.10429	3.8	80	7.442	7.578	0.331832044436249	0.135132651376775	1.20979373142158	0.292123103712869	0.79309160017658	-0.747146969020107	4.08	1.60571428571429	19.4166666666667	18.71	18.71
"S31"	2019	0.35	0.390361890458874	2.40416666666667	8.82352941176471	-0.625350217519875	0.259888412480159	51.4070126402023	13.08839	4.2	55	7.97	8.062	0.190387732552913	0.0636335452307847	0.864617861655226	0.130333768495006	0.517195897949974	-0.663540266151471	7.284819	1.76857142857143	19.3571428571429	18.50484	20.52
"S105"	2018	-5	1.63152952690691	1.99230769230769	58.3333333333333	-1.07753306766755	0.421028959535164	0.017032650608598	4.22475	1.4	75	7.6975	7.841	0	0	0	0	0.487421211359474	-1.03245202378114	9.18	1.88	12.5	23.6	23.6
"S105"	2019	-2.96	1.63152952690691	1.82857142857143	35	-0.402765542677192	0.121644039911468	0	4.22475	1.4	65	7.762	7.852	0.0819950252722981	0.122805462847445	1.10544205480169	0.104760166638525	0.287409	-1.28438	8.85	1.31	10.625	18.57	18.57
"S32"	2018	-1.47	0.301541145488794	2.51555555555556	5.55555555555556	0.0906507478464128	0.02	87.7674753639043	6.59358	5	40	7.85	8.32	0.176091259055681	0.249198357391113	1.25527250510331	0.224014811372864	0.580240508265376	-1.03432802877989	5.69	0.62	6	17.75	17.75
"S33"	2018	-2.62	0.783296029212191	2.18823529411765	28.5714285714286	-0.462434105782814	0.244948974278318	43.4560583111834	9.45845	4.3	45	8.105	8.525	0.230448921378274	0.0492180226701817	1.04139268515823	0.0969100130080564	0.542327382773974	-1.60205999132796	7.284819	1.11	3.5	18.50484	17.66
"S34"	2018	-1.99	0.811397754839634	2.26428571428571	21.0526315789474	-0.218560334316241	0.254572989502183	67.2234618913927	16.83751	5.6	45	7.55833333333333	8.3	0.742332282357148	0.165837624690128	1.66745295288995	0.0969100130080564	0.5219222448835	-1.20065945054642	6.9875	1.92	16	21.07	21.07
"S35"	2018	-1.83	0.869050080627883	2.08620689655172	36	0.0387884277103697	0.169521820307244	79.1885553792084	11.99413	4.7	25	8.392	8.442	0.168792020314182	0.284430733844519	1.04139268515823	0.176091259055681	1.08778141780954	0.0715138050950892	6.46	1.05	17	19.7	19.7
"S35"	2019	-1.48	0.869050080627883	2.17	27.2727272727273	-0.296252500242007	0.274769620505447	79.2293957409387	11.99413	4.7	15	8.22	8.33	0.321681263668323	0.331670190532613	1.56213101498802	0.581608366032058	0.7157131	-0.7472957	8.66	1.29	26.6666666666667	19.63	19.63
"S36"	2018	-2.38	1.02123408673971	2.10181818181818	34.7826086956522	-0.755888367135494	0.206064264990428	65.2965713287384	9.2689	3.9	100	8.005	8.382	0.0969100130080564	0.0899051114393979	1.04139268515823	0.0969100130080564	0.982813762131862	0.013427127070696	8.6775	1.117	13.5	20.11	20.11
"S37"	2019	-3.05	1.23300923372082	1.85573770491803	36.8421052631579	-0.451351956276917	0.363973093778809	41.3457490998154	16.18195	3.1	80	7.22	8.07	0.0518468383137358	0.0515383905153274	1.26201895351937	0.0856472882968565	0.752816431188271	-1.16749108729376	8.88	2.425	19.5	16.28	16.28
"S38"	2019	-1.26	0.761335493289673	2.07142857142857	19.1780821917808	-0.702198387615748	0.188405092018761	85.8339204120843	4.48709	5	50	8.06625	8.173	0.160948480864697	0.201096565039467	2.00668848096988	0.423344193632787	1.38381536598043	-0.399027104313252	9.44	1	17	16.9	16.9
"S39"	2019	-1.85	0.758491880624689	1.88529411764706	20.253164556962	-0.516160514059139	0.203885309381655	78.6737816067359	7.51192	5.1	20	8.1	8.212	0.461933503765113	0.510250018728974	1.64055695987852	1.0480492850545	1.138365863679	0.576341350205793	8.3	1.21571428571429	18.1666666666667	16.82	16.82
"S40"	2018	-1.9	0.86183094296617	1.6	27.6923076923077	0.0294415788173895	0.31291346445319	59.822457901738	16.79328	4.7	20	8.262	8.312	0.146128035678238	0.155336037465062	1.41497334797082	0.217483944213906	0.835056101720116	-0.699404516110037	8.27	1.59	17.5	18.36	18.36
"S106"	2019	-3.74	1.3931922539106	1.68793103448276	37.6811594202899	-1.70644400894871	0.426214759535436	0	32.15743	2.8	60	6.5	7.7	0.0146465246840318	0.0256335110606979	1.07806512390714	0.0196147156914172	0.491921712586151	-1.7619538968712	7.93	1.60166666666667	23	16.04	16.04
"S41"	2018	-1.58	0.695969354843338	2.27647058823529	22.5	-0.0189079719220081	0.435587717469286	69.9520413965873	16.46519	2.9	25	7.10833333333333	7.565	0.511883360978874	0.0969100130080564	1.04139268515823	0.0969100130080564	0.620760489994206	-1.12378215940836	8.2875	2.19	12	16.45	16.45
"S42"	2018	-2.39	0.739692545994928	2.22058823529412	26	-0.263553076871746	0.413553278024574	73.0225249717275	26.62108	5.2	80	7.49	8.17	0.183269843682805	0.0737183503461227	0.653212513775344	0.167317334748176	0.350635608258954	-0.906578314837765	5.7425	2.61	31	18.37	18.37
"S43"	2018	-1.74	1.03494228551093	2.09333333333333	31.3725490196078	0.0430284978907247	0.322062861877886	76.0910248838206	4.0165	5	30	8.165	8.245	0.176091259055681	0.257678574869184	1.04139268515823	0.0969100130080564	0.746478509930031	-0.893129455521346	8.69	1.25	17	16.79	16.79
"S43"	2019	-1.73	1.03494228551093	2.21111111111111	33.3333333333333	-0.471444504164287	0.243403477736853	79.2753921931929	4.0165	5	30	7.69333333333333	8.29	0.259163671340217	0.13142617214745	1.3484372734654	0.545208120686526	0.7157131	-0.7472957	7.62	1.44333333333333	37.5	17.45	17.45
"S107"	2019	-4.09	1.67771433633158	1.58775510204082	41.7910447761194	-0.758254437901722	0.506857624558714	1.39044652222809	22.14181	1.8	60	6.42	7.62	0.0130479961152317	0.0356298277904388	0.765295929698056	1.00966331667938	-0.00156628113553112	-2.04095860767891	8.0425	5.00333333333333	23	18.64	18.64
"S44"	2019	-3.45	1.01220706465804	1.93703703703704	38.4615384615385	-0.726337230015758	0.320108587294368	29.6270300518623	21.01883	4.1	30	6.774	7.728	0.0743775376448043	0.346587664800529	1.44610825263537	0.121494186241665	0.940217555599735	-1.40011692792631	8.19	2.48	21.6666666666667	18.44	18.44
"S108"	2019	-3.28	1.43894552760256	1.84444444444444	72.3684210526316	-0.305719948008571	0.304959013639538	0	2.48721	2.4	100	8.03111111111111	8.404	0.0111473607757975	0.179149480361149	0.666592852459541	0.00078102735349553	0.184691430817599	-0.318939756368188	8.296875	1.098	14.8	18.5	18.5
"S45"	2019	-3.14	0.600833475149757	2.22857142857143	14.2857142857143	-0.0941514174379319	0.263214802590498	62.202103313967	19.08027	4.8	5	6.59	7.7	0.495280628260573	0.259450523716499	2.04906444139722	0.0687052196919412	1.03342375548695	-1.20065945054642	6.96	1.18333333333333	16	21.03	21.03
"S46"	2018	-3.63	0.959897374621559	1.90322580645161	38.9830508474576	-0.587446835783522	0.635534304629287	70.3756275809146	20.64417	3.8	65	8.23333333333333	8.31	0.146128035678238	0.257678574869184	0.954242509439325	0.161368002234975	0.813447544264821	-1.69897000433602	9.22	2.58	19.5	14.88	14.88
"S109"	2019	-3.23	0.791110735281136	1.77777777777778	23.6842105263158	-0.605536268936505	0.15	0	3.35237	2.2	70	7.948	8.006	0.104008850999243	0.207688213335581	0.968501627484796	0.257966409508177	0.478277831919605	-0.685711339052502	7.8575	1.09	7.9	17.07	17.07
"S47"	2018	-1.66	0.650687047799066	1.86307692307692	22.0779220779221	-0.732591797719577	0.464158883361278	54.8567160505494	13.64012	3.2	30	8.028	8.466	0.0863598306747482	0.0863598306747482	1.33243845991561	0	0.979639412222907	-0.565431095965801	8.67	1.81	19	17.62	17.62
"S48"	2019	-2.37	0.641160909002684	2.24883720930233	10	-0.137681059843445	0.0349963551158058	48.7347122836024	16.46951	5.6	25	7.6	8.1	0.368881656176334	0.241795431295199	0.930694387664535	0.740489011333966	0.936312633662193	0.198327117723478	5.0175	1.95	45.5	18.53	18.53
"S49"	2019	-2.92	0.90311357301018	1.92790697674419	32.6923076923077	-0.573956695502395	0.336768410368517	69.8687671859356	7.04033	4.8	40	7.28	8.16	0.0538464268522527	0.0791812460476248	1.28315417703286	0.103803720955957	0.780461332861718	-1.32790214206428	8.63	1.975	13.1666666666667	16.45	16.45
"S50"	2019	-2.51	0.672197941098476	1.96984126984127	24.7422680412371	-0.533375989844045	0.416179145028782	74.5827031788739	4.3957	3.6	50	7.334	8.16	0.34551095769695	0.155214539497588	1.15121657885646	0.404816618075401	0.635483746814912	-0.698970004336019	9.71	1.5	21.5	15.71	15.71
"S51"	2018	-1.31	0.710881553487356	2.16451612903226	37.5	-0.265035279743684	0.355655882007785	66.4476144323827	21.186	3.3	90	7.878	8.304	0.230448921378274	0.0899051114393979	1.41497334797082	0.0969100130080564	0.997735776597898	-0.73471037413917	7.56	1.82	14	16.28	16.28
"S52"	2018	-1.7	0.767377659115262	2.275	24.3243243243243	-0.0167448551764811	0.225831795812724	20.891153356853	2.15081	3.5	80	7.78727272727273	8.01	0.0791812460476248	0.010299956639812	0.544068044350276	0.296665190261531	1.04155058171765	0.361727836017593	8.32	0.45333333325	6.666666667	19.56	19.56
"S53"	2018	-1.65	0.632339232629076	2.00434782608696	15.625	0.117352762191037	0.228942848510666	22.0750695773339	6.19143	4.7	60	7.41909090909091	8.07	0.0791812460476248	0.00860017176191757	0.421603926869831	0.544068044350276	1.138365863679	0.17283636012271	6.59	0.61666666675	19.444444445	19.02	19.02
"S53"	2019	-2.74	0.632339232629076	1.8625	30.3030303030303	-0.660617896124089	0.117017365966036	23.9552034972263	6.19143	4.1	70	7.644	7.876	0.0512297234931633	0.0648322197385739	0.984527313343793	0.612232694614741	0.7157131	-0.7472957	7.48	1.60666666666667	28.2333333333333	18.92	18.92
"S110"	2018	-1.68	0.873913420134968	1.712	37.1428571428571	-0.775850929022925	0.203279271362971	0	3.76504	1.6	80	7.372	7.952	0.0413926851582251	0.00603795499731718	0.387389826338729	0.296665190261531	0.0236227898790068	-1.36451625318509	8.296875	0.57	9.55555555575	18.90538	18.57
"S54"	2018	-1.67	0.862438322459715	1.94444444444444	19.2307692307692	-0.284342289124709	0.196609514498312	66.1782671784029	29.10945	5.1	40	7.79818181818182	8.07	0.0718820073061254	0.00860017176191757	0.730782275666389	0.459392487759231	0.76774936734558	0.0937017848055486	7.51	1.07666666675	29.7777777775	19.25	19.25
"S55"	2018	-0.64	0.338295180586511	2.16153846153846	14.8148148148148	0.0466230016661995	0.307231682568585	49.4689439400792	28.62764	4.3	0	7.79	8.06	0.176091259055681	0.0484418035504044	0.778151250383644	0.374748346010104	1.01241537476243	0.218797998111738	7.15	1.37666666675	12.38888889075	19.42	19.42
"S56"	2018	-1.31	0.80649214227607	1.79090909090909	26.6666666666667	0.475063672567491	0.244948974278318	56.0404876197047	9.59103	4.6	100	7.89363636363636	8.6	0.397940008672038	0.0334237554869497	0.440909082065218	0.380211241711606	0.639087871083737	-0.333669255698032	7.43	0.71	23.1111111125	21.28	21.28
"S57"	2019	-0.22	0.149756609780435	2.4275	1.5625	-0.177762464673047	0.281731324726126	44.4664553672359	16.18387	5.7	30	7.7118	7.89	0.426446193646736	0.405175546217989	1.57936052493451	0.379631796019372	1.29622628726116	0.266701966884088	3.82	3.352	37.2	20.52	20.52
"S58"	2018	-1.68	0.679170914263291	1.93125	29.4117647058824	-0.0782136425753089	0.301840536839884	68.9936693635061	18.88009	4.4	60	7.58	8.101	0.0413926851582251	0.00860017176191757	1.02036128264771	0.334453751150931	0.700011062322112	-0.226652458019177	7.97	1.20333333325	18.22222222	18.51	18.51
"S111"	2018	-5	1.39343552818744	1.672	64.7058823529412	-1.72162230491494	0.26637120052278	0	10.26968	1.9	100	7.34090909090909	7.96	0.0413926851582251	0.010299956639812	0.528916700277655	0.491361693834273	0.401228167498113	-1.24108810760203	8.296875	0.93666666675	14.2222222225	18.90538	19.77
"S112"	2019	-4.08	1.24538023525394	1.63246753246753	43.2692307692308	-1.29634078871892	0.362565047682812	0	10.26968	3.6	40	7.17375	7.7695	0.0210238220315851	0.0632582799504556	0.803825699793988	0.0948203803547999	0.287409	-1.28438	8.296875	2.235	21	18.90538	19.77
"S59"	2018	-1.36	0.262363155885451	2.01428571428571	0	-0.245652137835286	0.379473319220205	53.3741707680451	7.30122	4.5	20	7.85090909090909	8.12	0.0934216851622351	0.0170333392987804	0.612783856719736	0.350248018334163	0.9006401839826	0.353339095311305	8.085	0.84666666675	11.444444445	19.56	19.56
"S59"	2019	-2.15	0.262363155885451	1.984375	11.2903225806452	-0.824348374067764	0.252922851774757	40.1954703672793	7.30122	5.2	10	7.8158	8.0716	0.0903991492554629	0.0993352776859578	0.848004271497268	0.524992947883174	0.7157131	-0.7472957	8.24	1.751	11.62	18.09	18.09
"S60"	2018	-1.67	0.432922808978353	2.24375	8.57142857142857	-0.0857321776571241	0.288449914061482	48.1071852013908	5.67208	4.8	20	8.02272727272727	8.29	0.0569048513364726	0.00860017176191757	0.488550716500444	0.278753600952829	0.992288353797092	0.217483944213906	7.68	0.66	8.4444444445	19.43	19.43
"S60"	2019	-2.06	0.432922808978353	1.90727272727273	12.7450980392157	-0.32217797267794	0.198218545625789	51.3213056922378	5.67208	5.6	10	7.861	8.344	0.251978710063381	0.0792536224300777	0.865115824260695	0.11186714680447	0.7157131	-0.7472957	8.03	0.9525	20.8333333333333	17.82	17.82
"S113"	2018	-1.7	0.556962917942507	1.525	25	-1.10986050032183	0.243962011464685	0	2.25239	3.8	15	7.22818181818182	7.51	0.0413926851582251	0.00432137378264258	0.612783856719735	0.390935107103379	0.0707764628434346	-1.6458915608526	8.296875	0.57333333325	6.4444444445	18.90538	18.53
"S114"	2018	-1.68	0.534222312352728	1.95	9.09090909090909	-2.98397255456585	0.228942848510666	26.0384271777989	10.70428	3.8	0	7.39272727272727	7.96	0.0413926851582251	0.00603795499731718	0.462397997898956	0.390935107103379	0.288696260590256	-1.30980391997149	8.71	1	20.88888889	17.62	17.62
"S61"	2019	-3.13	0.864491957729946	1.91428571428571	24.6153846153846	-0.815354987669467	0.240760268700543	42.6097789666026	9.57614	4.4	70	7.654	7.92	0.290479813330673	0.128722284338427	1.41648406659324	0.230193378869046	0.942008053022313	-0.696803942579511	7.82	1.78	35.6666666666667	17.3	17.3
"S62"	2018	-2.69	0.692169331508414	2.25172413793103	18.8405797101449	-1.21209470643538	0.0984764701422617	63.603876873704	19.69664	4.3	60	7.935	8.295	0	0.0606978403536116	1.24919835739111	0.0463000196529692	0.867644233903098	-1.97061622231479	5.81	3.672	19.8333333333333	17.99	17.99
"S63"	2018	-2.19	0.676018299925185	2.00625	31.8840579710145	-0.272031430536462	0.279205162158824	76.5581418305935	12.9241	3.7	80	8.03	8.226	0	0.0606978403536116	1.27875360095283	0.0925452076056063	0.936915680945254	-0.342944147142896	6.43	2.31	30.1	17.92	17.92
"S63"	2019	-1.47	0.676018299925185	1.96666666666667	21.2765957446809	-0.375573358067455	0.309028625034165	69.0555957013542	12.9241	3.7	90	8.01	8.286	0.356790460351716	0.201315174233992	1.48718505608854	0.730693470317932	0.7157131	-0.7472957	6.7	2.92	28.8333333333333	17.34	17.34
"S64"	2018	-2.55	1.22912056450776	1.736	36.5079365079365	-0.68618850391252	0.0586794353158779	42.0161021050238	17.23213	4	85	8.28571428571429	8.45	0	0.0569048513364726	1	0.0925452076056063	0.350092885458106	-1.19791074211827	6.03	2.32	20.925	18.81	18.81
"S65"	2019	-3.19	1.05771338689724	1.98636363636364	25.7142857142857	-0.370813403623557	0.157684597943718	33.9065513696455	6.94489	3.8	85	7.806	7.95	0.0253058652647703	0.0553018643474404	1.41530729222557	0.770557474850995	0.821906377352323	-1.26921772433361	7.25	1.52	21.8333333333333	16.42	16.42
"S66"	2019	-3.03	0.947027595357723	1.7843137254902	38.8059701492537	-0.830214492604847	0.321170321894507	44.9684151124304	9.82314	3.2	80	8.13444444444444	8.18	0.249834041596792	0.0675172019036753	1.46728244761814	0.1477999492012	0.920332071539589	-0.875495775165718	7.284819	1.18666666666667	21.8	18.50484	19.39
"S67"	2018	-1.62	1.03737330754056	2.31176470588235	17.8571428571429	-0.911677105408007	0.143096908110526	63.8426700420279	17.50284	1.4	50	7.8	8.106	0.0791812460476248	0.230448921378274	1.66275783168157	0.243038048686294	0.693726948923647	-0.490797477668897	3.07	2.67	21	19.12	19.12
"S68"	2018	-1.53	0.332128268518196	2.31578947368421	10.8695652173913	0.0458116913270157	0.115229535251109	76.4400159083378	15.4884	4.5	80	8.13	8.36	0.284430733844519	0.287241711178348	1.24919835739111	0.585460729508501	0.693639026161548	0.228400358703005	8.52	0.8	18.1666666675	24.55	24.55
"S69"	2018	-2.1	0.789301778545919	2.01071428571429	41.1764705882353	-0.0207554394290926	0.411953428781424	44.0775434838909	21.27864	3.5	50	7.82	8.314	0.113943352306837	0.0791812460476248	1.41497334797082	0.439332693830263	1.0099605314706	0.11806622171401	8.31	1.14	18	16.21	16.21
"S70"	2019	-2.33	1.09719156216167	1.73582089552239	42.6229508196721	-0.57910502820061	0.287793531830364	44.961002125693	14.58813	3.9	40	7.668	7.832	0.393557655663294	0.33665982345442	2.04207281022369	0.648477108311952	1.60357736815147	-0.646660904688695	8.82	1.43	18.6	18.08	18.08
"S71"	2018	-1.04	0.910241491264625	2.02380952380952	40.5405405405405	0.234092975017549	0.492429805210492	42.6902956958667	29.9622	2.9	60	7.745	8.2	0.0791812460476248	0.301029995663981	1.8481891169914	0.176091259055681	1.05269394192497	-0.596364810209452	5.63	2.5	16	19.53	19.53
"S72"	2018	-2.58	0.604912361604886	2.44285714285714	20	-1.07875153708079	0.106066017177982	82.2585587044247	15.02027	3.6	40	7.544	7.864	0.176091259055681	0.0606978403536116	0.740362689494244	0.0934216851622351	0.324693913861775	-0.962175249411658	2.95	0.5	19	23.87	23.87
"S73"	2018	-2.62	1.27605942251989	1.844	53.8461538461538	-0.0195435879390109	0.165054442394899	41.4498474721473	4.21379	3	70	8.132	8.266	0.146128035678238	0.176091259055681	1.36172783601759	0.176091259055681	0.887167020894774	-0.876148359032914	7.9	1	21.5	19.29	19.29
"S74"	2018	-1.89	0.468180091843457	2.26875	4.54545454545455	-0.313042476291719	0.247955045513814	88.7499484430965	30.64549	3.9	35	8.032	8.242	0	0.0934216851622351	0.903089986991944	0.224014811372864	0.3884919618358	-0.418619311290013	6.81	0.93	18.6666666666667	19.42	19.42
"S74"	2019	-2.25	0.468180091843457	2.40714285714286	17.2413793103448	-0.934837409777595	0.211791179212745	92.757285430555	30.64549	3.9	65	7.915	7.995	0.0434408762444737	0.0546513504417416	1.82692635125828	0.146283113159587	0.7157131	-0.7472957	7.68	1.222	24.8	19.21	19.21
"S75"	2019	-1.55	0.56425059313678	2.34761904761905	8.16326530612245	-0.015471376838755	0.018612097182042	61.2944011893467	15.16267	5.1	50	8.00666666666667	8.044	0.100852826657301	0.120902817614527	1.43667141205065	0.199700338629511	0.983941858983888	-0.565750547603525	8.36	0.68	21.8	16.59	16.59
"S76"	2018	-2.55	0.749202836492267	2.26428571428571	18.5185185185185	-0.124221221501664	0.30142333957676	78.411550838773	11.60775	4.5	0	8.268	8.366	0	0.0899051114393979	1.04139268515823	0.161368002234975	0.95104594813582	-0.27083521030723	8.2	0.48	19.1666666666667	18.33	18.33
"S76"	2019	-1.7	0.749202836492267	1.96428571428571	15.1515151515152	0.158272617031446	0.11509839833591	78.9151055880353	11.60775	4.5	40	8.22	8.31	0.0982975364946976	0.100921680320846	1.39766544778909	0.354108439147401	0.7157131	-0.7472957	8.44	0.675	11.5	17.51	17.51
"S77"	2018	-1.42	0.349271295164707	2.4	18.1818181818182	0.014086225020024	0.311786963287624	67.9576467710963	13.90401	4.5	35	8.316	8.52	0.176091259055681	0.0606978403536116	1.41497334797082	0.224014811372864	0.884228769632604	-0.401209493236885	7.14	0.8	9.66666666675	19.53	19.53
"S115"	2018	-5	1.69548502005037	1.69615384615385	47.7272727272727	-2.72662287807992	0.324534222319921	0	0.94399	2.4	70	7.87	8.806	0	0	0	0.153814864344529	0.17376882313665	-1.85387196432176	9.84	0.6	4	20.32	20.32
"S78"	2018	-4.21	0.687107216441722	1.8575	28	-0.547860748188648	0.359443181873802	81.9516424469695	5.55075	4.5	80	8.2	8.252	0	0.0530784434834197	1.66275783168157	0.161368002234975	1.11925588927794	-0.431680914904888	8.7	1.39	15.25	16.04	16.04
"S78"	2019	-2.42	0.687107216441722	2.06	16.0714285714286	-0.650036292915916	0.254572989502183	79.4590430811279	5.60595	4.5	50	7.434	8.218	0.265760916717611	0.234416037567036	1.66713528808684	0.698865761150679	0.7157131	-0.7472957	6.87	1.33833333333333	20.1666666666667	15.15	15.15
"S79"	2018	-2.22	0.80921091423937	2.30384615384615	36.3636363636364	-0.261877847815491	0.244708708540678	34.6592458449777	9.19553	4.2	50	8.098	8.184	0.146128035678238	0.0606978403536116	1.04139268515823	0.161368002234975	1.00182021703833	0.00311571709980622	5.99	0.79	17.5	20.11	20.11
"S80"	2019	-2.7	0.639470590043684	2.16470588235294	23.5294117647059	-0.157188437268112	0.299069756244244	68.6476834568601	10.05962	5.2	25	8.4875	8.785	0.132323740040991	0.146933834562764	1.17832645671903	0.387033701282363	0.623662707356205	-0.23717144681091	7.93	1.17285714285714	16.5714285714286	19.33	19.33
"S81"	2019	-1.16	0.513778319321149	1.98695652173913	11.6279069767442	-0.196308125097175	0.25637220383774	67.9002949865142	18.56465	4.7	10	8.3375	8.395	0.222013750171359	0.177940307008608	1.73162099363705	0.389839162125274	1.18808437371494	-0.495393229358046	7.284819	0.571666666666667	21.4166666666667	17.24	17.24
"S82"	2018	-2.55	0.757264661805505	2.07368421052632	42.4242424242424	0.0410485862044961	0.419296271262948	72.8747876370128	22.34385	5.8	10	8.2675	8.324	0.0969100130080564	0.0934216851622351	1	0.0969100130080564	1.04739170220044	-0.904830648568245	6.55	0.69	13.6666666666667	20.45	20.45
"S116"	2018	-5	1.22179632983685	1.69555555555556	37.2881355932203	-2.66118144344662	0.265914794847249	0	1.63456	2.4	55	7.2775	7.735	0.0334237554869497	0	0.414973347970818	0.123851640967086	-0.127028369261557	-1.4089353929735	9.5825	0.57	7	14.58	14.58
"S116"	2019	-3.86	1.22179632983685	1.57894736842105	39.3939393939394	-1.11067051743297	0.349086455491613	0	1.63456	2.8	95	7.436	7.636	0.00346053210950649	0.00821680158969035	0.600275723698921	0.128269995169627	0.287409	-1.28438	9.26	0.56	9.75	21.79	21.79
"S117"	2018	-5	1.16804530536458	1.58684210526316	50	-0.36294356131244	0.0523317569696053	0	7.76883	3.2	70	7.32333333333333	7.86	0	0	0.447158031342219	0.0881360887005513	0.0937717814987299	-0.893129455521346	7.86	0.81	11	21.65	21.65
"S83"	2019	-1.68	0.867537533792528	1.82307692307692	25.9259259259259	0.444383969375859	0.34086580994025	75.6371763631218	4.82993	4.3	90	7.53	8.34	0.530839778616521	0.573451822035485	2.01093142973023	1.00026049854739	1.35024801833416	0.0665122778565954	8.77	1.07	25.6666666666667	14.36	14.36
"S118"	2019	-3.47	1.61371426925924	1.64776119402985	44.7368421052632	-0.706228561186566	0.227950705695478	0	1.86243	3.4	55	7.4	8.27	0.0663632022584946	0.203168922875464	1.21520384544464	0.486869510668216	1.13033376849501	0.184691430817599	8.296875	0.941666666666667	5.83333333333333	18.90538	21.65
"S84"	2018	-2.61	0.821710622925488	2.09565217391304	25	-0.537646357510101	0.330779843345719	46.8227976317667	19.56748	3.6	45	7.9	8.33	0.0492180226701816	0.0530784434834197	0.414973347970818	0.164352855784437	1.03390603702669	-0.915066425063284	7.025	1	6	18.4	18.4
"S85"	2018	-0.14	0.521809032510639	2.24642857142857	19.1489361702128	-0.064786779694708	0.121371000913135	66.0372265891795	9.74525	4	60	7.868	8.306	0.591064607026499	0.28330122870355	1.38916608436453	0.465382851448418	1.08742645703629	0.223444019809616	8.49	2.32	25	16.11	16.11
"S86"	2019	-2.71	0.490966380758086	3.075	10	0.123929303651499	0.131607401295249	69.1033792504316	1.74605	3.1	100	6.86	6.888	0.576928460302419	0.372175286115064	2.74388196958922	0.740157338106827	1.37839790094814	0.0815633209803856	4.95	0.754	18.9166666666667	15.32	15.32
